   0.0000000e+00  -0.0000000e+00
   9.3500000e+02   3.4400000e+02
   4.7300000e+02  -1.1420000e+03
   1.0440000e+03  -3.9000000e+02
   6.9000000e+02  -5.8400000e+02
   5.3500000e+02  -1.3360000e+03
  -3.1600000e+02  -1.2520000e+03
  -1.2700000e+02  -1.1940000e+03
   1.3660000e+03   2.5900000e+02
   1.2560000e+03   4.4000000e+01
   1.5000000e+03   2.4400000e+02
   1.4740000e+03  -4.6500000e+02
   1.7320000e+03   2.2000000e+02
  -2.0300000e+02  -1.3460000e+03
   2.0000000e+02  -6.4500000e+02
   1.1920000e+03  -5.8700000e+02
   1.0080000e+03   7.9000000e+01
   6.3800000e+02  -5.0100000e+02
   3.3500000e+02  -9.3200000e+02
  -1.4200000e+02  -1.2720000e+03
   8.1400000e+02  -5.6000000e+01
   1.4710000e+03   5.3500000e+02
   1.3240000e+03  -8.0000000e+00
   8.3800000e+02  -5.5500000e+02
   6.3100000e+02  -1.0880000e+03
  -2.1300000e+02  -1.4870000e+03
   7.9000000e+01  -1.5980000e+03
   2.3200000e+02  -9.9000000e+02
  -1.1100000e+02  -1.1960000e+03
   1.3620000e+03   4.9800000e+02
   1.3320000e+03   3.9800000e+02
  -2.6000000e+02  -1.3450000e+03
   1.5830000e+03   1.2900000e+02
   1.1090000e+03  -1.3300000e+02
  -2.3000000e+02  -1.4830000e+03
   7.2800000e+02  -6.8200000e+02
   1.1000000e+03   2.5500000e+02
   1.6760000e+03   5.0700000e+02
   1.3060000e+03   5.6000000e+02
   5.3800000e+02  -8.5900000e+02
   2.5300000e+02  -9.0800000e+02
   6.3700000e+02  -7.5600000e+02
   6.9000000e+02  -3.8400000e+02
   8.9200000e+02  -8.7000000e+02
   1.9790000e+03   1.5700000e+02
   5.5500000e+02  -1.1650000e+03
   1.5560000e+03   4.7100000e+02
   6.3000000e+01  -1.0370000e+03
  -5.2000000e+01  -1.4050000e+03
   2.0000000e+00  -1.6610000e+03
   1.2900000e+02  -1.5160000e+03
   3.3000000e+01  -1.7360000e+03
   6.7100000e+02  -9.7600000e+02
   1.3720000e+03   2.8200000e+02
   6.6900000e+02  -8.3500000e+02
   3.4000000e+01  -1.1160000e+03
   7.2000000e+02  -3.5800000e+02
   8.1300000e+02  -6.0500000e+02
   2.6700000e+02  -1.0750000e+03
   7.2500000e+02  -6.8700000e+02
   1.7200000e+03   5.8300000e+02
   1.0220000e+03   4.3100000e+02
   8.7900000e+02  -5.3100000e+02
   4.0000000e+00  -1.1360000e+03
   3.8000000e+02  -4.6500000e+02
   1.0900000e+02  -7.5100000e+02
   5.5500000e+02  -8.4200000e+02
   7.6300000e+02  -2.9100000e+02
   8.3300000e+02  -2.4800000e+02
   1.6650000e+03  -1.9000000e+01
  -1.5500000e+02  -1.2900000e+03
   3.7300000e+02  -6.4300000e+02
   1.7650000e+03  -4.9000000e+01
   1.4320000e+03   3.9000000e+02
   7.8500000e+02  -2.5400000e+02
   1.3140000e+03   6.9100000e+02
   9.4900000e+02   3.2600000e+02
   1.7640000e+03   7.4800000e+02
   9.3700000e+02  -1.9400000e+02
   1.4130000e+03   2.9000000e+01
   1.5640000e+03   3.5200000e+02
   1.0130000e+03  -4.2000000e+01
  -3.7800000e+02  -1.4600000e+03
   1.7890000e+03   8.6000000e+02
   5.7600000e+02  -2.5400000e+02
   1.0660000e+03  -7.4800000e+02
  -2.7200000e+02  -1.4510000e+03
  -2.3200000e+02  -1.4730000e+03
  -4.8000000e+01  -9.1200000e+02
   1.2420000e+03   1.5100000e+02
   1.6600000e+02  -9.1600000e+02
   1.0570000e+03  -9.0000000e+01
   1.2940000e+03   1.5600000e+02
   1.2840000e+03  -1.0900000e+02
   1.5680000e+03   2.9100000e+02
   1.0100000e+02  -8.2800000e+02
   1.3990000e+03   2.6000000e+02
   4.2400000e+02  -6.6100000e+02
  -1.2000000e+02  -1.0560000e+03
   1.2990000e+03  -3.4700000e+02
  -3.2800000e+02  -1.5070000e+03
   1.5600000e+02  -1.1880000e+03
   1.0700000e+02  -1.2160000e+03
   1.3800000e+03  -8.4000000e+01
   4.2600000e+02  -9.7100000e+02
  -1.0400000e+02  -1.1250000e+03
   1.6410000e+03   3.3000000e+02
   4.1200000e+02  -5.5700000e+02
   7.6000000e+02  -3.5500000e+02
   1.2920000e+03   3.7400000e+02
   1.9200000e+02  -9.4500000e+02
   1.2390000e+03   2.9400000e+02
   4.1100000e+02  -4.3700000e+02
   1.0050000e+03  -3.5500000e+02
  -4.0000000e+02  -1.7930000e+03
   2.9700000e+02  -6.9500000e+02
   1.6000000e+02  -7.5800000e+02
  -2.2500000e+02  -1.1900000e+03
   1.1910000e+03   7.0000000e+00
   1.3660000e+03   3.5000000e+02
   5.9900000e+02  -8.3400000e+02
   1.6850000e+03   6.6300000e+02
   9.9900000e+02   1.0000000e+00
   5.1900000e+02  -4.1700000e+02
   3.3200000e+02  -8.5500000e+02
   7.6300000e+02  -5.8500000e+02
   1.1370000e+03  -2.7300000e+02
   6.1200000e+02  -2.2700000e+02
  -1.8300000e+02  -1.3210000e+03
   1.0670000e+03   4.7200000e+02
   1.5510000e+03   5.2900000e+02
   8.1300000e+02  -1.2340000e+03
   9.2800000e+02  -5.7600000e+02
   1.0470000e+03  -4.0400000e+02
   1.2740000e+03  -4.4600000e+02
   8.1400000e+02  -4.3900000e+02
  -6.7000000e+01  -9.0600000e+02
   1.1760000e+03   4.6000000e+01
  -1.2700000e+02  -9.7200000e+02
   1.2590000e+03   4.7800000e+02
   1.4590000e+03   1.7800000e+02
  -4.0700000e+02  -1.1880000e+03
   8.1900000e+02  -1.0000000e+01
   1.0250000e+03   6.0000000e+01
   1.3540000e+03   2.6400000e+02
