   0.0000000e+00  -0.0000000e+00
   7.4000000e+01  -1.2300000e+03
  -5.8800000e+02  -1.6190000e+03
  -1.7900000e+02  -1.6670000e+03
   1.3500000e+03  -8.1000000e+02
   1.2680000e+03  -7.0900000e+02
   4.2000000e+02  -1.6410000e+03
   1.0640000e+03  -3.8100000e+02
   3.3400000e+02  -7.3800000e+02
   1.4330000e+03  -7.3000000e+02
   8.8500000e+02  -1.0590000e+03
   1.1360000e+03  -3.8800000e+02
   6.9900000e+02  -7.2900000e+02
  -3.2000000e+02  -2.5600000e+03
  -2.0000000e+00  -2.3860000e+03
   7.8400000e+02  -1.5190000e+03
   7.4000000e+02  -8.4900000e+02
   1.4200000e+02  -1.2820000e+03
   8.1800000e+02  -1.6530000e+03
  -4.1000000e+01  -1.1440000e+03
   1.0630000e+03  -3.8200000e+02
   2.2800000e+02  -1.2120000e+03
  -6.9700000e+02  -2.1210000e+03
  -5.6700000e+02  -1.7090000e+03
   8.6800000e+02  -3.7000000e+01
  -5.0400000e+02  -2.2360000e+03
   7.1400000e+02  -1.3710000e+03
   3.9100000e+02  -1.3840000e+03
   9.8500000e+02  -7.7000000e+02
   1.3730000e+03  -3.8400000e+02
   1.5790000e+03  -1.6800000e+02
   1.4000000e+01  -1.6000000e+03
   1.3130000e+03  -1.8700000e+02
   5.9300000e+02  -1.1540000e+03
   1.4250000e+03  -3.0700000e+02
   1.0820000e+03  -6.6700000e+02
   1.3490000e+03  -4.6900000e+02
   2.3000000e+02  -2.0530000e+03
   4.3900000e+02  -1.7470000e+03
   1.2660000e+03  -9.7900000e+02
   2.1700000e+02  -9.5000000e+02
   1.1300000e+02  -7.9200000e+02
   7.5500000e+02  -7.0600000e+02
  -6.6100000e+02  -1.3580000e+03
   1.0210000e+03  -6.6500000e+02
   1.0610000e+03  -5.7100000e+02
   3.4900000e+02  -1.1580000e+03
  -2.7200000e+02  -2.9390000e+03
  -2.4200000e+02  -9.3900000e+02
  -2.2000000e+02  -1.4900000e+03
   6.8300000e+02  -6.2800000e+02
  -1.8100000e+02  -1.2530000e+03
   1.2600000e+03  -1.6100000e+02
   1.3610000e+03  -1.0000000e+02
  -4.4000000e+01  -1.1160000e+03
   2.0300000e+02  -1.5520000e+03
  -3.7500000e+02  -1.9560000e+03
   1.0620000e+03  -6.9300000e+02
   2.5100000e+02  -8.2100000e+02
   1.1900000e+02  -1.3050000e+03
   1.6900000e+03  -3.6200000e+02
   1.5500000e+02  -1.6260000e+03
  -1.1800000e+02  -1.1490000e+03
   2.7500000e+02  -7.2800000e+02
   9.7200000e+02  -2.9800000e+02
   1.4900000e+03  -3.4800000e+02
   1.4430000e+03  -5.7200000e+02
   4.2000000e+02  -1.1110000e+03
   1.8250000e+03  -1.0900000e+03
   1.0760000e+03  -6.6800000e+02
   1.3770000e+03  -1.0400000e+02
   1.5980000e+03  -2.2700000e+02
   1.4450000e+03  -4.3000000e+01
   1.5220000e+03   3.4000000e+01
  -1.0000000e+02  -1.9470000e+03
   9.6200000e+02  -7.6800000e+02
   7.6500000e+02  -6.9600000e+02
   1.0400000e+02  -1.1490000e+03
   1.0880000e+03  -1.8700000e+02
   4.6300000e+02  -9.6500000e+02
   1.1440000e+03  -3.3700000e+02
   3.1600000e+02  -1.4390000e+03
  -2.6700000e+02  -1.5770000e+03
  -6.0000000e+00  -1.8980000e+03
   1.3680000e+03  -9.8500000e+02
   1.7250000e+03  -6.3000000e+02
   4.4800000e+02  -1.0890000e+03
  -3.4900000e+02  -1.5010000e+03
   1.2830000e+03  -7.7800000e+02
   1.4900000e+03  -5.7100000e+02
   8.1300000e+02  -4.9100000e+02
   2.8100000e+02  -1.0230000e+03
  -4.8600000e+02  -2.2410000e+03
   7.4800000e+02  -7.5900000e+02
   9.4500000e+02  -1.6230000e+03
   2.4200000e+02  -1.3470000e+03
  -2.1200000e+02  -1.6360000e+03
  -4.6200000e+02  -1.3930000e+03
  -9.2000000e+01  -1.8720000e+03
   3.6000000e+01  -9.6700000e+02
   2.4700000e+02  -1.2040000e+03
   1.3300000e+02  -1.8590000e+03
   3.5100000e+02  -9.1900000e+02
   9.4000000e+01  -5.0600000e+02
  -6.8500000e+02  -2.0650000e+03
