   0.0000000e+00  -0.0000000e+00
   1.6020000e+03  -1.3690000e+03
   2.6300000e+02  -1.6470000e+03
   3.3200000e+02  -1.2550000e+03
   1.1490000e+03  -1.1220000e+03
   1.2230000e+03  -4.9400000e+02
   1.0650000e+03  -1.5300000e+03
   7.9800000e+02  -1.0350000e+03
  -3.1500000e+02  -2.6100000e+03
  -8.8300000e+02  -1.7450000e+03
   2.7800000e+02  -1.1900000e+03
  -6.5000000e+02  -1.7270000e+03
   5.7000000e+01  -2.4570000e+03
  -9.6400000e+02  -2.6940000e+03
   1.0490000e+03  -1.7130000e+03
   1.7500000e+02  -2.1640000e+03
  -9.2300000e+02  -1.9870000e+03
  -6.7000000e+02  -3.0980000e+03
   4.7800000e+02  -1.4300000e+03
  -4.6500000e+02  -2.7910000e+03
   2.7800000e+02  -1.1400000e+03
  -2.7400000e+02  -1.9410000e+03
  -2.8300000e+02  -2.6690000e+03
   1.3420000e+03  -6.4100000e+02
   5.5700000e+02  -1.3390000e+03
   4.8900000e+02  -1.3640000e+03
  -3.7100000e+02  -2.0430000e+03
   1.8500000e+03  -3.2900000e+02
   6.6800000e+02  -1.0040000e+03
   5.7300000e+02  -1.9100000e+03
   1.2230000e+03  -4.7700000e+02
   1.9200000e+03  -5.3900000e+02
  -3.0800000e+02  -1.6620000e+03
   1.3030000e+03  -5.5000000e+02
   2.4440000e+03  -1.1050000e+03
   1.3740000e+03  -1.1190000e+03
   8.1400000e+02  -1.2970000e+03
  -3.9000000e+02  -2.2160000e+03
   1.2000000e+03  -5.8200000e+02
  -1.1800000e+02  -1.5830000e+03
   7.9100000e+02  -6.2700000e+02
  -1.1000000e+02  -1.9670000e+03
  -2.9900000e+02  -1.3760000e+03
   1.1340000e+03  -3.3400000e+02
  -7.6000000e+02  -1.8240000e+03
   2.2700000e+02  -2.0440000e+03
  -2.1500000e+02  -2.2860000e+03
   1.3800000e+03  -5.5200000e+02
   7.9400000e+02  -1.8860000e+03
