   0.0000000e+00  -0.0000000e+00
   6.4700000e+02   2.7000000e+01
   1.3450000e+03   2.4200000e+02
  -4.1900000e+02  -1.0390000e+03
  -2.0500000e+02  -1.1620000e+03
   1.5500000e+03  -1.8900000e+02
   1.1140000e+03   2.4100000e+02
  -1.6000000e+02  -1.8220000e+03
   5.6500000e+02  -9.4600000e+02
   1.3270000e+03   2.7300000e+02
   1.2440000e+03  -9.9000000e+01
   1.0870000e+03   3.3000000e+01
   1.2390000e+03   2.4700000e+02
   9.4100000e+02  -3.9700000e+02
   8.0000000e+01  -9.7200000e+02
   9.4500000e+02  -3.2100000e+02
   1.2570000e+03   3.4600000e+02
  -2.3000000e+01  -9.3000000e+02
   5.6800000e+02   2.0000000e+01
   9.7100000e+02  -4.1000000e+02
   1.4780000e+03   4.3800000e+02
   1.4880000e+03  -1.2400000e+02
   5.7600000e+02  -1.3940000e+03
  -6.0900000e+02  -1.6600000e+03
   8.9200000e+02   2.9400000e+02
   1.0760000e+03   4.9000000e+01
   7.0000000e+00  -9.5400000e+02
   6.9000000e+02  -3.2300000e+02
  -1.1300000e+02  -1.3500000e+03
   1.1860000e+03   1.3600000e+02
   7.6000000e+01  -8.9900000e+02
   6.6000000e+01  -9.6100000e+02
   5.6700000e+02  -5.8400000e+02
   1.7400000e+02  -8.5100000e+02
   9.4000000e+01  -1.2600000e+02
   3.5000000e+01  -3.5300000e+02
   1.1400000e+03  -1.4000000e+02
   1.1850000e+03   3.3400000e+02
   2.6700000e+02  -6.9000000e+02
   5.0000000e+02  -5.5300000e+02
  -3.2600000e+02  -1.2570000e+03
   8.8000000e+01  -8.2300000e+02
   1.0930000e+03  -1.7300000e+02
   3.6600000e+02  -4.0500000e+02
   1.4740000e+03   8.2300000e+02
   4.0600000e+02  -4.6100000e+02
  -2.7100000e+02  -1.3030000e+03
   1.2600000e+03   5.9000000e+01
   3.6400000e+02  -1.0820000e+03
   1.2670000e+03   7.0000000e+01
   2.8900000e+02  -7.6400000e+02
   7.4600000e+02  -9.1600000e+02
   1.0110000e+03   1.4400000e+02
  -1.2800000e+02  -1.0220000e+03
   7.8500000e+02  -2.2800000e+02
   1.6290000e+03   2.4000000e+01
   6.0600000e+02  -7.5400000e+02
   1.4350000e+03   2.8900000e+02
   5.4500000e+02  -3.6600000e+02
  -4.3600000e+02  -1.0340000e+03
   1.1560000e+03  -2.3500000e+02
   1.0370000e+03   8.0000000e+01
   1.7400000e+02  -8.7800000e+02
  -2.9000000e+02  -1.6500000e+03
   1.1810000e+03   2.5700000e+02
   6.1600000e+02  -4.6900000e+02
   8.1000000e+02   2.6200000e+02
   1.2990000e+03   7.5100000e+02
   3.5900000e+02  -5.8100000e+02
   1.0470000e+03  -1.6400000e+02
   1.1140000e+03  -3.8900000e+02
   1.9250000e+03   6.7200000e+02
   7.7100000e+02  -4.3200000e+02
   1.1380000e+03   1.4600000e+02
   1.1410000e+03  -1.9200000e+02
   1.2950000e+03  -2.0000000e+00
   4.3200000e+02  -8.3400000e+02
   1.5220000e+03   7.5100000e+02
  -3.8200000e+02  -8.7600000e+02
  -1.5200000e+02  -1.4160000e+03
   5.5000000e+01  -8.6900000e+02
   3.3200000e+02  -1.3470000e+03
   1.8500000e+02  -3.5000000e+01
   7.2400000e+02  -2.7000000e+01
   6.1900000e+02  -4.3300000e+02
  -1.0000000e+01  -1.3360000e+03
   4.1000000e+01  -1.0130000e+03
  -4.1000000e+01  -1.1700000e+03
   1.0280000e+03  -5.2300000e+02
  -2.9500000e+02  -6.8600000e+02
   1.1300000e+02  -6.9600000e+02
   6.2800000e+02  -4.9500000e+02
   9.6000000e+01  -1.0400000e+03
  -1.8200000e+02  -9.5300000e+02
   1.2510000e+03   2.9400000e+02
   8.2000000e+02   1.1700000e+02
  -2.3500000e+02  -1.0750000e+03
